<?xml version="1.0"?>
<opencv_storage>
<M1 type_id="opencv-matrix">
  <rows>3</rows>
  <cols>3</cols>
  <dt>d</dt>
  <data>
    421.06311798834946 0.0 388.6025276184082 
    0.0 421.06311798834946 252.26710510253906
    0.0 0.0 1.0</data></M1>
<D1 type_id="opencv-matrix">
  <rows>5</rows>
  <cols>1</cols>
  <dt>d</dt>
  <data>
    0. 0. 0. 0. 0.</data></D1>
<M2 type_id="opencv-matrix">
  <rows>3</rows>
  <cols>3</cols>
  <dt>d</dt>
  <data>
    421.06311798834946 0.0 388.6025276184082 
    0.0 421.06311798834946 252.26710510253906
    0.0 0.0 1.0</data></M2>
<D2 type_id="opencv-matrix">
  <rows>5</rows>
  <cols>1</cols>
  <dt>d</dt>
  <data>
    0. 0. 0. 0. 0.</data></D2>
<R1 type_id="opencv-matrix">
  <rows>3</rows>
  <cols>3</cols>
  <dt>d</dt>
  <data>
    0.999997932568281 -0.0019533878450614466 -0.0005649197387105238
    0.0019452056772425407 0.9998981512664464 -0.014138715221823216
    0.0005924805968112838 0.014137587105960022 0.9998998837874297</data></R1>
<R2 type_id="opencv-matrix">
  <rows>3</rows>
  <cols>3</cols>
  <dt>d</dt>
  <data>
    9.9991642888719912e-01 7.1305744032325990e-03
    -1.0783791084345063e-02 -6.9903785382295558e-03
    9.9989128358786350e-01 1.2982896938168646e-02 1.0875194221856252e-02
    -1.2906429161267389e-02 9.9985756697488781e-01</data></R2>
<P1 type_id="opencv-matrix">
  <rows>3</rows>
  <cols>4</cols>
  <dt>d</dt>
  <data>
    421.06311798834946 0.0 388.6025276184082 0.0 
    0.0 421.06311798834946 252.26710510253906 0.0
    0.0 0.0 1.0 0.0</data></P1>
<P2 type_id="opencv-matrix">
  <rows>3</rows>
  <cols>4</cols>
  <dt>d</dt>
  <data>
    421.06311798834946 0.0 388.6025276184082 0.0 
    0.0 421.06311798834946 252.26710510253906 0.0
    0.0 0.0 1.0 0.0</data></P2>
<size type_id="opencv-matrix">
  <rows>2</rows>
  <cols>1</cols>
  <dt>i</dt>
  <data>
    752 480</data></size>
</opencv_storage>
