<?xml version="1.0"?>
<opencv_storage>
<M1 type_id="opencv-matrix">
  <rows>3</rows>
  <cols>3</cols>
  <dt>d</dt>
  <data>
    4.7592758159329497e+02 0. 3.3745152282714844e+02 0.
    4.7592758159329497e+02 2.6760832977294922e+02 0. 0. 1.</data></M1>
<D1 type_id="opencv-matrix">
  <rows>5</rows>
  <cols>1</cols>
  <dt>d</dt>
  <data>
    0. 0. 0. 0. 0.</data></D1>
<M2 type_id="opencv-matrix">
  <rows>3</rows>
  <cols>3</cols>
  <dt>d</dt>
  <data>
    4.7592758159329497e+02 0. 3.3745152282714844e+02 0.
    4.7592758159329497e+02 2.6760832977294922e+02 0. 0. 1.</data></M2>
<D2 type_id="opencv-matrix">
  <rows>5</rows>
  <cols>1</cols>
  <dt>d</dt>
  <data>
    0. 0. 0. 0. 0.</data></D2>
<R1 type_id="opencv-matrix">
  <rows>3</rows>
  <cols>3</cols>
  <dt>d</dt>
  <data>
    1. 2.9672580581854846e-15 -4.7080395138010545e-15
    -3.0315870407733414e-15 9.9991621083777615e-01
    -1.2944933519499539e-02 4.6664061503776111e-15
    1.2944933519499538e-02 9.9991621083777604e-01</data></R1>
<R2 type_id="opencv-matrix">
  <rows>3</rows>
  <cols>3</cols>
  <dt>d</dt>
  <data>
    9.9991642888719912e-01 7.1305744032325990e-03
    -1.0783791084345063e-02 -6.9903785382295558e-03
    9.9989128358786350e-01 1.2982896938168646e-02 1.0875194221856252e-02
    -1.2906429161267389e-02 9.9985756697488781e-01</data></R2>
<P1 type_id="opencv-matrix">
  <rows>3</rows>
  <cols>4</cols>
  <dt>d</dt>
  <data>
    4.7592758159329497e+02 0. 3.3745152282714844e+02 0. 0.
    4.7592758159329497e+02 2.6760832977294922e+02 0. 0. 0. 1. 0.</data></P1>
<P2 type_id="opencv-matrix">
  <rows>3</rows>
  <cols>4</cols>
  <dt>d</dt>
  <data>
    4.7592758159329497e+02 0. 3.3745152282714844e+02
    -5.7119400560082489e+01 0. 4.7592758159329497e+02
    2.6760832977294922e+02 0. 0. 0. 1. 0.</data></P2>
<Q type_id="opencv-matrix">
  <rows>4</rows>
  <cols>4</cols>
  <dt>d</dt>
  <data>
    1. 0. 0. -3.3745152282714844e+02 0. 1. 0. -2.6760832977294922e+02 0.
    0. 0. 4.7592758159329497e+02 0. 0. -8.3321529449994589e+00 0.</data></Q>
<size type_id="opencv-matrix">
  <rows>2</rows>
  <cols>1</cols>
  <dt>i</dt>
  <data>
    640 480</data></size>
</opencv_storage>
